7469
9098
831
5157
8701
9678
2618
4677
3391
6862
9450
3456
2920
8766
1495
1594
5708
3584
8717
4512
3109
2114
5752
3984
6133
1997
8978
3901
2568
9517
8423
1127
9169
8558
5953
2993
4648
3308
7069
6513
2067
8497
5046
175
9434
7521
3980
3602
5103
474
3396
7298
1872
5434
2821
5331
6145
6480
9774
9124
9886
108
9896
1145
8636
4717
227
6789
9132
4795
7414
1991
5627
5478
1019
2486
4044
6878
2420
3864
6637
7340
5390
6153
7050
8343
1099
2817
1076
7918
1252
897
5990
7544
8737
5232
424
3986
1922
3276
8301
7576
7220
9000
3983
5382
9658
4966
106
5357
2131
7037
9017
9352
2801
4548
7232
1742
4138
2684
7996
5616
4406
7138
6908
9092
880
2589
4362
9878
2146
5529
2732
3236
9067
2793
9183
2826
5299
4811
1858
88
6372
2558
4633
7596
1404
1285
7362
3627
8794
4975
7945
1828
4183
7146
7795
1226
2384
643
3508
9254
5931
6287
4277
8881
5437
3365
3083
1364
9244
969
9060
3065
408
584
1869
6900
7326
350
2565
7782
682
6269
7682
474
895
2310
8004
2355
1373
1452
700
218
9461
344
9516
421
5353
8584
5665
126
7807
250
6907
2034
7950
3344
4962
6376
6037
6317
4363
6691
7994
5359
7929
9254
1120
9077
3574
7214
4043
4767
695
7765
7153
1503
6083
6235
7143
610
4853
7006
186
4906
5698
9982
6384
4582
3386
6619
1070
6612
2045
471
5160
9339
9143
3370
6206
747
993
6065
9600
1254
9888
802
8490
1063
6307
1375
4464
3265
6924
8286
187
2338
926
8696
9619
1014
8824
4818
759
2441
907
1200
7806
8584
295
1801
4547
3849
2514
9117
8791
2067
1003
9613
8957
4344
2384
442
1607
9931
2187
741
3075
9685
8719
6031
1554
7877
8110
3140
570
3965
755
5517
7107
3326
7698
9848
642
9381
3516
2364
4739
1210
2263
8056
238
3122
339
6679
6699
5369
8270
6034
6454
8319
6549
3222
8902
7084
853
9556
2249
4138
1057
6038
683
2642
6260
5446
9359
4918
1401
7993
2191
6768
3144
7989
3276
3619
7431
3460
6555
5014
4270
6250
8939
9082
1761
2911
2850
9509
2916
2461
3231
215
1755
835
5105
3169
6820
7180
6540
3135
5182
5728
9549
7315
2518
2797
5688
168
8724
2697
3438
4225
7530
7424
2399
8790
1623
8525
5281
109
8032
1271
4309
737
8158
6618
6672
6549
903
4774
9158
582
1983
8190
7444
3279
8365
7172
3277
3478
1621
574
9697
1802
2784
391
3610
3995
6017
6098
7628
6328
8557
1905
6216
8353
9331
2140
2482
3138
236
7668
8582
9650
2718
8664
4255
1018
1168
8548
9891
4795
4057
6042
420
2344
429
5022
9522
1506
6040
5689
4228
2608
5707
1736
6674
4159
8491
8219
6902
6112
512
5486
6448
8891
4259
4040
7627
8752
4620
1770
3507
9451
9668
3677
9386
997
2726
4503
1965
8942
6575
2807
3091
3025
7419
9602
9343
2965
166
4239
2586
9973
2472
9848
7102
4633
6188
6461
9145
4248
9560
2633
8012
2006
5823
5250
7894
1628
9377
6148
1659
5523
929
2823
6611
2242
9685
5399
2431
6664
3849
4759
6135
3135
8491
1637
1867
7485
3785
6863
4188
809
1524
2755
5821
7921
7085
6204
3811
2763
232
7121
5938
6303
5229
4942
3389
8205
6783
7403
3532
9291
336
495
7739
7919
1702
5721
7312
9946
3859
7855
4503
8177
8887
714
6328
4398
8841
6923
3250
4943
5108
1118
4935
1004
1379
3523
6900
6140
6534
6104
4185
1125
3721
2408
6489
3774
9879
87
5770
3566
2467
8667
2470
6917
6500
9809
5073
3164
6270
9564
1743
2216
1516
5088
6722
7904
7804
4409
3910
3779
6893
8412
179
7951
6187
7117
7400
9732
2370
7240
247
2181
8321
7593
2900
6155
7111
5073
1299
9729
4549
4217
4990
5605
4194
5406
2455
1801
2015
6452
8574
9525
8655
3522
7914
8284
1772
6926
5301
4524
811
2397
3807
5519
9441
4010
6143
9959
1186
9502
4785
9278
4040
6975
7459
5662
5163
2015
3341
7728
1128
8016
5486
4405
8256
7963
1208
4426
3441
3871
3221
5598
3609
8627
6132
4774
2248
3347
191
6907
908
1372
3757
9016
178
6937
2861
7235
8658
7870
2949
1414
910
9019
3499
7344
6165
7124
1029
7624
6453
8788
318
4930
7600
9351
403
6517
9184
6012
9598
6919
8615
1239
3148
2054
3484
4177
2831
9035
2962
509
5803
8801
7077
5255
4077
6676
9882
5026
6120
1298
2681
3784
5900
429
1303
5768
4763
7494
4294
1746
8038
6121
9348
9532
1421
5297
9311
6879
4788
2052
4698
2429
3936
5508
4415
7515
7709
3805
8182
2592
3027
8497
3494
6229
879
8754
1805
4997
1623
4683
9276
1629
9488
2734
5667
7356
7173
699
5388
2990
9402
3922
9065
4505
1425
2238
859
9918
4347
5479
8789
253
7208
6617
4890
8075
6614
447
5160
3931
7383
5778
1691
8298
6462
2037
4728
1982
3222
920
6829
677
7938
2432
7182
6262
5747
9530
234
3677
1406
7673
973
1630
4451
4915
4190
2391
76
7797
4379
1934
2850
3447
487
1154
8895
9156
3896
2257
3007
502
7601
2334
6456
3944
9878
5081
6282
3524
3503
2380
1237
397
210
6849
3205
2936
2910
4605
7188
1842
8540
643
3423
6102
6393
1827
4860
4219
1625
3278
3026
7498
1828
9024
980
3091
571
5836
7184
5202
9336
6190
4483
8878
2506
6515
9887
8413
2758
7321
8996
7214
8529
8052
8751
3700
8403
846
1830
2019
9040
4315
6411
5158
9413
8426
1122
1124
6288
9327
1957
2416
3706
9388
5759
387
4736
1592
1316
4216
3314
5385
7131
6230
1181
2151
1920
3996
5671
6678
847
8795
8244
7431
7656
2401
201
3782
2464
3483
6258
7985
8424
704
342
1945
1805
2925
1307
6088
3448
6889
4768
9788
1857
89
9038
6187
1829
9929
9548
1056
3486
9739
8084
4469
7528
9083
7163
4923
700
2961
