90890
44760
79794
65499
11305
59702
29392
89393
61616
69971
52320
53854
27423
89138
98463
89537
63683
66454
40404
81168
85854
24359
86571
71799
28846
19008
44786
75747
97674
6532
60226
50052
90266
58938
16339
82416
48333
81057
26518
37425
11963
7612
49579
85458
42373
7782
18140
14681
52584
52542
46138
99250
64573
90988
78290
64822
24814
56873
44846
8347
99745
42455
37164
3330
24449
22518
69396
90994
46491
40433
99833
35604
58524
35160
81586
42720
8258
92672
38572
32133
88780
20777
91722
9475
88573
23832
41437
19712
97164
99322
33323
75327
70199
92013
34593
77033
85799
7917
39643
11397
13141
29683
21557
62289
11600
71858
71763
99252
23566
6439
96323
9005
36695
34520
66841
47689
39746
6292
58164
39484
82692
53043
29188
8515
49350
86601
22375
53169
72859
2838
13538
93331
13015
67990
97776
31153
48077
37309
66474
14306
36992
64436
497
90856
47294
88148
7109
12336
9131
54072
27979
74367
44038
64593
12064
79763
51920
8974
45168
56206
37736
3138
61528
48275
22340
72926
20333
77439
64398
69545
20055
80384
64255
92319
35205
71875
88474
60853
23933
79265
31143
79762
2283
57353
48640
6843
15881
11886
31514
72550
46932
62711
52033
41672
59643
39171
19237
22849
44089
21064
42787
41182
40041
66607
78152
36635
90875
59615
99885
1887
92713
65027
92698
12553
33059
26277
4113
15436
19386
17108
89194
38418
95780
46632
40489
93319
89778
9743
3541
5540
1578
82909
6277
15182
23067
33337
16693
91927
39811
76826
86596
25970
26522
70308
63971
34928
77994
38161
78931
17959
3575
46434
3251
52632
91734
58232
8220
42008
66038
85426
10808
24153
87124
73763
2558
2416
4256
3455
46376
26915
43544
37700
43222
89697
28881
57849
84274
13642
65803
14589
71439
37710
75128
65211
67004
19401
80058
41083
19389
45588
86536
40392
77657
65433
48434
64826
26200
51383
52547
36278
80685
30644
23755
30611
38399
72223
24527
23752
22521
5575
81852
92632
82986
68096
70944
18074
12441
81623
99142
86567
33146
81134
84473
25271
33663
74549
9920
33762
3281
10939
84968
13661
37916
88084
89075
57778
99965
79029
45616
98861
13098
84370
1918
35074
40201
65329
33811
50674
38090
72600
78626
17180
21646
20083
56145
80495
62628
669
22453
39016
46269
83255
16606
57586
89529
33083
60913
59110
30800
59150
3421
47341
26344
18288
12685
53278
1451
48068
13472
98251
25246
54843
95024
23714
5609
29716
81960
96308
28395
10871
77891
40643
27532
13973
69062
51236
85962
60817
76010
23247
93317
23929
77113
85861
3944
81947
17052
90703
47518
52151
5374
94077
79569
55489
45087
72871
63655
66456
9123
31555
42719
72229
48472
30445
19186
9097
11529
63597
20800
7316
12605
22606
21444
92118
95139
27645
19531
40455
32981
42055
31653
24331
76248
89529
86177
7450
53054
37062
38633
56568
18209
76634
41317
93212
83322
12336
72371
26932
22944
37631
62830
2871
15883
6949
14149
4857
5187
49682
61751
26179
22236
34869
5696
35029
25415
47210
43866
79658
56870
48126
50868
43314
75463
12723
31252
62682
36023
44543
62596
39225
14488
55629
94158
92046
21985
34704
37072
84698
47532
44432
