16
434
488
890
1060
1135
1151
1645
1746
1794
2341
2479
2552
2651
2711
2845
2953
3214
3363
3458
3775
4326
4362
4452
4497
4592
4739
5020
5368
5389
5847
5906
5946
6038
6658
6794
6804
6841
6929
7311
7341
7466
7568
7780
7807
8295
8402
8419
9216
9539
10292
10826
10826
10967
10987
11116
11130
11391
12030
12140
12203
12237
12353
12538
12769
13224
13362
13455
13474
13537
13554
14043
14120
14165
14408
14445
14676
14784
14822
15106
15232
15493
15707
16046
16120
16224
16227
16229
16638
17090
17167
17419
17502
17697
17827
18101
18184
18195
18298
18427
18918
19062
19853
20316
20316
20331
20771
21110
21223
21552
22171
22261
22287
22504
22673
22674
22926
23104
23288
23531
23774
24563
24582
24605
24749
24807
25299
25455
25664
25901
26180
26194
26237
26273
26322
27097
27166
27182
27871
27992
28003
28085
28155
28215
28322
29608
29761
30134
30328
30345
30630
30699
30937
30946
31264
31372
31445
31586
31621
31885
31889
31971
31997
32555
32724
32738
32753
32962
33297
33554
33677
33687
34034
34350
34547
34659
34732
34964
35259
35306
35352
35368
35446
35584
35941
35993
36113
36222
36458
36807
37158
38096
38645
38780
38799
38941
39012
39246
39364
39484
39580
39617
40165
40165
40378
40725
41111
41617
42806
42837
42839
42873
43090
43204
43263
43379
43428
43625
44560
44803
44845
45024
45076
45300
45363
45400
45595
45722
45753
45776
45967
46231
46779
47000
47842
47863
50032
50198
50403
50507
50760
51033
51524
51529
51571
51587
51671
52063
52199
52384
52590
53070
53520
53702
54321
55008
55250
55643
55656
55897
56096
56587
57000
57256
57397
57456
57595
57596
57740
57832
57876
58235
58582
58943
59166
59450
59462
59520
60058
60137
60486
60622
60638
60756
61097
61360
61498
61632
62057
62125
62163
62213
62355
62380
62495
62729
62806
62845
63183
63365
63856
63950
64062
64205
64281
64513
64824
65094
65214
65312
65324
65336
65685
65781
66075
66158
66245
66399
66408
66548
66804
67396
67442
67474
67500
67580
67667
67936
68012
68056
68421
68685
68919
68974
69092
69365
69594
69637
69745
70529
70674
71118
71461
71468
71649
71867
72015
72143
72211
72328
72456
72467
72491
72503
72627
72862
72948
73250
73334
73585
73898
74158
74186
74623
74662
75249
75618
75794
75965
76185
76582
76647
76810
76876
76996
77072
77101
77175
77193
77275
77434
77640
77998
78088
78302
78733
79188
79292
79306
79430
79624
79876
79905
80298
80440
80511
80665
80885
81162
81325
81493
82215
82231
82567
82676
82798
83000
83088
83107
83477
83907
83937
84113
84378
84457
84572
84615
84625
84868
85219
85278
85447
85682
85776
86154
86369
86570
86584
86657
86661
87019
87472
87796
88283
88418
88528
88771
88840
88963
88964
89061
89254
89559
89639
89929
89995
90578
90665
90746
90879
91854
91933
92529
92956
92997
93232
93391
93517
93743
93818
94062
94298
94327
94502
94610
94828
95138
95156
95334
95398
95434
95719
95864
96163
96381
96722
96845
96876
97005
97007
97248
97380
97409
98032
98237
98276
98318
98319
98331
98706
98739
98819
98862
98923
99096
99152
99263
99377
99486
99978
